
VarCost
3700.00, 5500.00, 7500.00, 3700.00, 5500.00, 7500.00, 3700.00, 5500.00, 7500.00, 3700.00, 5500.00, 7500.00, 3700.00, 5500.00, 7500.00, 3700.00, 5500.00, 7500.00, 3700.00, 5500.00, 7500.00, 3700.00, 5500.00, 7500.00,

TCH
11348.00, 16800.00, 22800.00, 11348.00, 16800.00, 22800.00, 11348.00, 16800.00, 22800.00, 11348.00, 16800.00, 22800.00, 11348.00, 16800.00, 22800.00, 11348.00, 16800.00, 22800.00, 11348.00, 16800.00, 22800.00, 11348.00, 16800.00, 22800.00,

payload
9000.00, 12000.00, 15000.00, 9000.00, 12000.00, 15000.00, 9000.00, 12000.00, 15000.00, 9000.00, 12000.00, 15000.00, 9000.00, 12000.00, 15000.00, 9000.00, 12000.00, 15000.00, 9000.00, 12000.00, 15000.00, 9000.00, 12000.00, 15000.00,

sea_time
313.846154, 313.846154, 301.994302, 345.230769, 345.230769, 332.193732, 392.307692, 392.307692, 377.492877, 306.000000, 306.000000, 294.444444, 290.307692, 290.307692, 279.344729, 251.076923, 251.076923, 241.595442, 353.076923, 353.076923, 339.743590, 282.461538, 282.461538, 271.794872,

port_time
58.500000, 78.000000, 97.500000, 50.000000, 66.666667, 83.333333, 43.714286, 58.285714, 72.857143, 52.363636, 69.818182, 87.272727, 37.500000, 50.000000, 62.500000, 61.714286, 82.285714, 102.857143, 65.000000, 86.666667, 108.333333, 48.000000, 64.000000, 80.000000,

roundtrip_days
15.5144230769, 16.3269230769, 16.6455959164, 16.4679487179, 17.1623931624, 17.3136277303, 18.1675824176, 18.7747252747, 18.7645841813, 14.9318181818, 15.6590909091, 15.9048821549, 13.6586538462, 14.1794871795, 14.2435303894, 13.0329670330, 13.8901098901, 14.3521910189, 17.4198717949, 18.3226495726, 18.6698717949, 13.7692307692, 14.4358974359, 14.6581196581,

freqmaxbytrip
21, 20, 20, 20, 19, 19, 18, 18, 18, 22, 21, 21, 24, 23, 23, 25, 24, 23, 19, 18, 18, 24, 23, 23,

freqmaxbycargo
222, 167, 133, 222, 167, 133, 222, 167, 133, 222, 167, 133, 222, 167, 133, 222, 167, 133, 222, 167, 133, 222, 167, 133,

0.16, 0.53, 0.11, 0.24, 0.56, 0.26, 0.68, 0.46, 0.17, 0.32, 0.55, 0.40, 0.07, 0.80, 0.32, 0.18, 0.54, 0.80, 0.28, 0.06, 0.92, 0.53, 0.43, 0.84,
0.48, 0.57, 0.37, 0.21, 0.15, 0.62, 0.66, 0.13, 0.42, 0.77, 0.41, 0.22, 0.60, 0.85, 0.23, 0.56, 0.02, 0.16, 0.26, 0.37, 0.19, 0.19, 0.99, 1.00,
0.81, 0.05, 1.00, 0.20, 0.96, 0.41, 0.60, 0.58, 0.81, 0.39, 0.16, 0.28, 0.97, 0.51, 0.25, 0.90, 0.34, 0.17, 0.59, 0.81, 0.87, 0.02, 0.04, 0.68,
0.22, 0.34, 0.30, 0.40, 0.88, 0.48, 0.87, 0.97, 0.75, 0.06, 0.75, 0.90, 0.82, 0.45, 0.90, 0.95, 0.97, 0.91, 0.89, 0.82, 0.44, 0.51, 0.80, 0.34,
0.09, 0.14, 0.05, 0.27, 0.30, 0.13, 0.59, 0.80, 0.96, 0.32, 0.60, 0.30, 0.38, 0.71, 0.20, 0.96, 0.85, 0.58, 0.40, 0.06, 0.70, 0.31, 0.89, 0.75,
0.73, 0.01, 0.66, 0.04, 0.18, 0.92, 0.75, 0.15, 0.37, 0.28, 0.41, 0.81, 0.93, 0.15, 0.46, 0.17, 0.08, 0.90, 0.22, 0.35, 0.29, 0.26, 0.97, 0.58,
0.53, 0.61, 0.10, 0.63, 0.44, 0.62, 0.05, 0.22, 0.11, 0.37, 0.52, 0.59, 0.95, 0.92, 0.70, 0.87, 0.73, 0.94, 0.84, 0.79, 0.07, 0.83, 0.24, 0.92,
0.43, 0.28, 0.16, 0.87, 0.26, 0.06, 0.24, 0.59, 0.19, 0.26, 0.72, 0.99, 0.48, 0.95, 0.37, 1.00, 0.25, 0.67, 0.25, 0.58, 0.10, 0.22, 0.10, 0.63,
0.51, 0.40, 0.61, 0.76, 0.65, 0.24, 0.04, 0.66, 0.39, 0.28, 0.35, 0.47, 0.75, 0.89, 0.57, 0.90, 0.24, 0.98, 0.03, 0.19, 0.51, 0.47, 0.30, 0.47,
0.34, 0.21, 0.75, 0.24, 0.35, 0.10, 0.84, 0.58, 0.10, 0.14, 0.24, 0.05, 0.20, 0.01, 0.36, 0.63, 0.69, 1.00, 0.21, 0.56, 0.29, 0.24, 0.91, 0.43,

FAA
3.36, 10.6, 2.2, 4.8, 10.64, 4.94, 12.24, 8.28, 3.06, 7.04, 11.55, 8.4, 1.68, 18.4, 7.36, 4.5, 12.96, 18.4, 5.32, 1.08, 16.56, 12.72, 9.89, 19.32,
10.08, 11.4, 7.4, 4.2, 2.85, 11.78, 11.88, 2.34, 7.56, 16.94, 8.61, 4.62, 14.4, 19.55, 5.29, 14, 0.48, 3.68, 4.94, 6.66, 3.42, 4.56, 22.77, 23,
17.01, 1, 20, 4, 18.24, 7.79, 10.8, 10.44, 14.58, 8.58, 3.36, 5.88, 23.28, 11.73, 5.75, 22.5, 8.16, 3.91, 11.21, 14.58, 15.66, 0.48, 0.92, 15.64,
4.62, 6.8, 6, 8, 16.72, 9.12, 15.66, 17.46, 13.5, 1.32, 15.75, 18.9, 19.68, 10.35, 20.7, 23.75, 23.28, 20.93, 16.91, 14.76, 7.92, 12.24, 18.4, 7.82,
1.89, 2.8, 1, 5.4, 5.7, 2.47, 10.62, 14.4, 17.28, 7.04, 12.6, 6.3, 9.12, 16.33, 4.6, 24, 20.4, 13.34, 7.6, 1.08, 12.6, 7.44, 20.47, 17.25,
15.33, 0.2, 13.2, 0.8, 3.42, 17.48, 13.5, 2.7, 6.66, 6.16, 8.61, 17.01, 22.32, 3.45, 10.58, 4.25, 1.92, 20.7, 4.18, 6.3, 5.22, 6.24, 22.31, 13.34,
11.13, 12.2, 2, 12.6, 8.36, 11.78, 0.9, 3.96, 1.98, 8.14, 10.92, 12.39, 22.8, 21.16, 16.1, 21.75, 17.52, 21.62, 15.96, 14.22, 1.26, 19.92, 5.52, 21.16,
9.03, 5.6, 3.2, 17.4, 4.94, 1.14, 4.32, 10.62, 3.42, 5.72, 15.12, 20.79, 11.52, 21.85, 8.51, 25, 6, 15.41, 4.75, 10.44, 1.8, 5.28, 2.3, 14.49,
10.71, 8, 12.2, 15.2, 12.35, 4.56, 0.72, 11.88, 7.02, 6.16, 7.35, 9.87, 18, 20.47, 13.11, 22.5, 5.76, 22.54, 0.57, 3.42, 9.18, 11.28, 6.9, 10.81,
7.14, 4.2, 15, 4.8, 6.65, 1.9, 15.12, 10.44, 1.8, 3.08, 5.04, 1.05, 4.8, 0.23, 8.28, 15.75, 16.56, 23, 3.99, 10.08, 5.22, 5.76, 20.93, 9.89,

Cargo Terangkut
30240, 127200, 33000, 43200, 127680, 74100, 110160, 99360, 45900, 63360, 138600, 126000, 15120, 220800, 110400, 40500, 155520, 276000, 47880, 12960, 248400, 114480, 118680, 289800,
90720, 136800, 111000, 37800, 34200, 176700, 106920, 28080, 113400, 152460, 103320, 69300, 129600, 234600, 79350, 126000, 5760, 55200, 44460, 79920, 51300, 41040, 273240, 345000,
153090, 12000, 300000, 36000, 218880, 116850, 97200, 125280, 218700, 77220, 40320, 88200, 209520, 140760, 86250, 202500, 97920, 58650, 100890, 174960, 234900, 4320, 11040, 234600,
41580, 81600, 90000, 72000, 200640, 136800, 140940, 209520, 202500, 11880, 189000, 283500, 177120, 124200, 310500, 213750, 279360, 313950, 152190, 177120, 118800, 110160, 220800, 117300,
17010, 33600, 15000, 48600, 68400, 37050, 95580, 172800, 259200, 63360, 151200, 94500, 82080, 195960, 69000, 216000, 244800, 200100, 68400, 12960, 189000, 66960, 245640, 258750,
137970, 2400, 198000, 7200, 41040, 262200, 121500, 32400, 99900, 55440, 103320, 255150, 200880, 41400, 158700, 38250, 23040, 310500, 37620, 75600, 78300, 56160, 267720, 200100,
100170, 146400, 30000, 113400, 100320, 176700, 8100, 47520, 29700, 73260, 131040, 185850, 205200, 253920, 241500, 195750, 210240, 324300, 143640, 170640, 18900, 179280, 66240, 317400,
81270, 67200, 48000, 156600, 59280, 17100, 38880, 127440, 51300, 51480, 181440, 311850, 103680, 262200, 127650, 225000, 72000, 231150, 42750, 125280, 27000, 47520, 27600, 217350,
96390, 96000, 183000, 136800, 148200, 68400, 6480, 142560, 105300, 55440, 88200, 148050, 162000, 245640, 196650, 202500, 69120, 338100, 5130, 41040, 137700, 101520, 82800, 162150,
64260, 50400, 225000, 43200, 79800, 28500, 136080, 125280, 27000, 27720, 60480, 15750, 43200, 2760, 124200, 141750, 198720, 345000, 35910, 120960, 78300, 51840, 251160, 148350,

Jumlah Kapal
1, 1, 1, 1, 1, 1, 1, 1, 1, 1, 1, 1, 1, 1, 1, 1, 1, 1, 1, 1, 1, 1, 1, 1,
1, 1, 1, 1, 1, 1, 1, 1, 1, 1, 1, 1, 1, 1, 1, 1, 1, 1, 1, 1, 1, 1, 1, 1,
1, 1, 1, 1, 1, 1, 1, 1, 1, 1, 1, 1, 1, 1, 1, 1, 1, 1, 1, 1, 1, 1, 1, 1,
1, 1, 1, 1, 1, 1, 1, 1, 1, 1, 1, 1, 1, 1, 1, 1, 1, 1, 1, 1, 1, 1, 1, 1,
1, 1, 1, 1, 1, 1, 1, 1, 1, 1, 1, 1, 1, 1, 1, 1, 1, 1, 1, 1, 1, 1, 1, 1,
1, 1, 1, 1, 1, 1, 1, 1, 1, 1, 1, 1, 1, 1, 1, 1, 1, 1, 1, 1, 1, 1, 1, 1,
1, 1, 1, 1, 1, 1, 1, 1, 1, 1, 1, 1, 1, 1, 1, 1, 1, 1, 1, 1, 1, 1, 1, 1,
1, 1, 1, 1, 1, 1, 1, 1, 1, 1, 1, 1, 1, 1, 1, 1, 1, 1, 1, 1, 1, 1, 1, 1,
1, 1, 1, 1, 1, 1, 1, 1, 1, 1, 1, 1, 1, 1, 1, 1, 1, 1, 1, 1, 1, 1, 1, 1,
1, 1, 1, 1, 1, 1, 1, 1, 1, 1, 1, 1, 1, 1, 1, 1, 1, 1, 1, 1, 1, 1, 1, 1,

Fixed Cost
4142020, 6132000, 8322000, 4142020, 6132000, 8322000, 4142020, 6132000, 8322000, 4142020, 6132000, 8322000, 4142020, 6132000, 8322000, 4142020, 6132000, 8322000, 4142020, 6132000, 8322000, 4142020, 6132000, 8322000,
4142020, 6132000, 8322000, 4142020, 6132000, 8322000, 4142020, 6132000, 8322000, 4142020, 6132000, 8322000, 4142020, 6132000, 8322000, 4142020, 6132000, 8322000, 4142020, 6132000, 8322000, 4142020, 6132000, 8322000,
4142020, 6132000, 8322000, 4142020, 6132000, 8322000, 4142020, 6132000, 8322000, 4142020, 6132000, 8322000, 4142020, 6132000, 8322000, 4142020, 6132000, 8322000, 4142020, 6132000, 8322000, 4142020, 6132000, 8322000,
4142020, 6132000, 8322000, 4142020, 6132000, 8322000, 4142020, 6132000, 8322000, 4142020, 6132000, 8322000, 4142020, 6132000, 8322000, 4142020, 6132000, 8322000, 4142020, 6132000, 8322000, 4142020, 6132000, 8322000,
4142020, 6132000, 8322000, 4142020, 6132000, 8322000, 4142020, 6132000, 8322000, 4142020, 6132000, 8322000, 4142020, 6132000, 8322000, 4142020, 6132000, 8322000, 4142020, 6132000, 8322000, 4142020, 6132000, 8322000,
4142020, 6132000, 8322000, 4142020, 6132000, 8322000, 4142020, 6132000, 8322000, 4142020, 6132000, 8322000, 4142020, 6132000, 8322000, 4142020, 6132000, 8322000, 4142020, 6132000, 8322000, 4142020, 6132000, 8322000,
4142020, 6132000, 8322000, 4142020, 6132000, 8322000, 4142020, 6132000, 8322000, 4142020, 6132000, 8322000, 4142020, 6132000, 8322000, 4142020, 6132000, 8322000, 4142020, 6132000, 8322000, 4142020, 6132000, 8322000,
4142020, 6132000, 8322000, 4142020, 6132000, 8322000, 4142020, 6132000, 8322000, 4142020, 6132000, 8322000, 4142020, 6132000, 8322000, 4142020, 6132000, 8322000, 4142020, 6132000, 8322000, 4142020, 6132000, 8322000,
4142020, 6132000, 8322000, 4142020, 6132000, 8322000, 4142020, 6132000, 8322000, 4142020, 6132000, 8322000, 4142020, 6132000, 8322000, 4142020, 6132000, 8322000, 4142020, 6132000, 8322000, 4142020, 6132000, 8322000,
4142020, 6132000, 8322000, 4142020, 6132000, 8322000, 4142020, 6132000, 8322000, 4142020, 6132000, 8322000, 4142020, 6132000, 8322000, 4142020, 6132000, 8322000, 4142020, 6132000, 8322000, 4142020, 6132000, 8322000,

Variable Cost
192875.30769202, 951859.61538327, 274652.3326206, 292470.7692299, 1004343.2478636, 641469.90740761, 822773.47252827, 855000.98900984, 430647.20696083, 388943.99999953, 994743.75000058, 1002007.5757587, 84902.192307979, 1434964.1025654, 786242.87749488, 216998.90109945, 990087.03296633, 1980602.3606082, 342892.75641081, 108836.53846124, 2318798.0769266, 648035.07692163, 785240.64102578, 2123961.5384587,
578625.92307606, 1023698.0769216, 923830.5733602, 255911.92307617, 269020.51282062, 1529659.009972, 798574.25274803, 241630.71428539, 1063951.9230797, 935896.49999886, 741536.25000043, 551104.16666728, 727733.07692554, 1524649.3589757, 565112.06819945, 675107.6923094, 36669.890109864, 396120.47212164, 318400.41666718, 671158.65384434, 478882.21153919, 232314.46153794, 1807879.6153849, 2528525.6410223,
976431.24519086, 89798.07692295, 2496839.38746, 243725.64102492, 1721731.282052, 1011548.7001428, 725976.5934073, 1078044.7252733, 2051907.2802252, 474025.49999942, 289380.00000017, 701405.30303109, 1176501.8076963, 914789.61538544, 614252.24804287, 1084994.5054973, 623388.13186769, 420878.00162924, 722524.02243707, 1469293.2692268, 2192776.442311, 24454.153846099, 73045.641025654, 1719397.4358951,
265203.54807653, 610626.92307606, 749051.816238, 487451.28204984, 1578253.6752143, 1184252.1367525, 1052666.0604406, 1802936.8681294, 1899914.1483566, 72926.999999911, 1356468.7500008, 2254517.0454571, 994568.5384649, 807167.30769304, 2211308.0929544, 1145271.9780249, 1778489.6703284, 2252935.1851918, 1089909.1185915, 1487432.6923037, 1108990.3846171, 623580.92307553, 1460912.8205131, 859698.71794757,
108492.36057676, 251434.61538426, 124841.969373, 329029.61538364, 538041.02564124, 320734.95370381, 713876.98351717, 1486958.2417562, 2431890.1098965, 388943.99999953, 1085175.0000006, 751505.68181902, 460897.61538617, 1273530.6410268, 491401.7984343, 1157327.4725304, 1558470.3296692, 1435936.7114409, 489846.79487259, 108836.53846124, 1764302.884618, 379039.38461454, 1625265.5128208, 1896394.2307667,
879993.59134484, 17959.61538459, 1647913.9957236, 48745.128204984, 322824.61538474, 2269816.5954423, 907470.74175912, 278804.67032929, 937290.97985593, 340325.99999959, 741536.25000043, 2029065.3409114, 1127986.2692346, 269055.76923101, 1130224.1363989, 204943.40659392, 146679.56043946, 2228177.6556842, 269415.73717992, 634879.80769059, 730925.48077033, 317903.99999929, 1771356.7948721, 1466544.8717929,
638899.45672982, 1095536.53846, 249683.938746, 767735.7692285, 789126.83760715, 1529659.009972, 60498.049450608, 408913.51648297, 278654.0750923, 449716.49999945, 940485.00000055, 1477961.1742441, 1152244.0384654, 1650208.7179502, 1719906.29452, 1048828.0219807, 1338450.98901, 2327207.7737146, 1028678.2692324, 1433014.423073, 176430.28846181, 1014847.3846131, 438273.84615392, 2326243.5897405,
518352.38942231, 502869.23076852, 399494.3019936, 1060206.5384584, 466302.22222241, 148031.51709406, 290390.63736292, 1096631.7032952, 481311.58425035, 316016.99999962, 1302210.0000008, 2479968.7500028, 582186.46154043, 1704019.8717964, 909093.32710345, 1205549.4505525, 458373.6263733, 1658754.4770094, 306154.24679537, 1052086.5384587, 252043.26923115, 268995.69230709, 182614.10256414, 1592971.153844,
614790.04326832, 718384.6153836, 1523072.0263506, 926157.4358947, 1165755.555556, 592126.06837626, 48398.439560486, 1226740.5494489, 987955.35714545, 340325.99999959, 633018.75000037, 1177358.9015165, 909666.34615692, 1596397.564104, 1400495.1255378, 1084994.5054973, 440038.68131837, 2426237.891745, 36738.509615444, 344649.03846061, 1285420.6730789, 574672.61538333, 547842.3076924, 1188407.0512805,
409860.02884554, 377151.92307639, 1872629.540595, 292470.7692299, 627714.52991478, 246719.19515677, 1016367.2307702, 1078044.7252733, 253321.88644755, 170162.99999979, 434070.00000025, 125250.94696984, 242577.69230851, 17937.051282068, 884523.23718174, 759496.15384808, 1265111.2087903, 2475752.9507602, 257169.56730811, 1015807.6923049, 730925.48077033, 293449.84615319, 1661788.3333336, 1087266.0256396,

Total Cost
168441510.2697,
167644153.38464,
171665269.00959,
177902694.6835,
169940334.47169,
169488001.01423,
173109363.50293,
168002788.09245,
170557804.05237,
166363729.01596,

Cargo Flow
1440, 6360, 1650, 2160, 6720, 3900, 6120, 5520, 2550, 2880, 6600, 6000, 630, 9600, 4800, 1620, 6480, 12000, 2520, 720, 13800, 4770, 5160, 12600,
4320, 6840, 5550, 1890, 1800, 9300, 5940, 1560, 6300, 6930, 4920, 3300, 5400, 10200, 3450, 5040, 240, 2400, 2340, 4440, 2850, 1710, 11880, 15000,
7290, 600, 15000, 1800, 11520, 6150, 5400, 6960, 12150, 3510, 1920, 4200, 8730, 6120, 3750, 8100, 4080, 2550, 5310, 9720, 13050, 180, 480, 10200,
1980, 4080, 4500, 3600, 10560, 7200, 7830, 11640, 11250, 540, 9000, 13500, 7380, 5400, 13500, 8550, 11640, 13650, 8010, 9840, 6600, 4590, 9600, 5100,
810, 1680, 750, 2430, 3600, 1950, 5310, 9600, 14400, 2880, 7200, 4500, 3420, 8520, 3000, 8640, 10200, 8700, 3600, 720, 10500, 2790, 10680, 11250,
6570, 120, 9900, 360, 2160, 13800, 6750, 1800, 5550, 2520, 4920, 12150, 8370, 1800, 6900, 1530, 960, 13500, 1980, 4200, 4350, 2340, 11640, 8700,
4770, 7320, 1500, 5670, 5280, 9300, 450, 2640, 1650, 3330, 6240, 8850, 8550, 11040, 10500, 7830, 8760, 14100, 7560, 9480, 1050, 7470, 2880, 13800,
3870, 3360, 2400, 7830, 3120, 900, 2160, 7080, 2850, 2340, 8640, 14850, 4320, 11400, 5550, 9000, 3000, 10050, 2250, 6960, 1500, 1980, 1200, 9450,
4590, 4800, 9150, 6840, 7800, 3600, 360, 7920, 5850, 2520, 4200, 7050, 6750, 10680, 8550, 8100, 2880, 14700, 270, 2280, 7650, 4230, 3600, 7050,
3060, 2520, 11250, 2160, 4200, 1500, 7560, 6960, 1500, 1260, 2880, 750, 1800, 120, 5400, 5670, 8280, 15000, 1890, 6720, 4350, 2160, 10920, 6450,

